0 2
0 5
0 21
0 37
0 38
0 445
0 458
0 468
0 603
1 10
1 14
1 33
1 62
1 118
1 445
2 19
2 24
2 28
2 29
2 44
2 54
2 128
2 607
2 611
2 613
2 614
3 9
3 15
3 20
3 21
3 25
3 52
3 110
3 117
3 125
4 5
4 8
4 15
4 29
4 52
4 113
4 120
4 445
4 624
5 10
5 12
5 23
5 36
5 38
5 443
5 452
5 460
6 11
6 16
6 23
6 24
6 29
6 35
6 44
7 10
7 14
7 20
7 22
7 27
7 130
7 451
8 10
8 18
8 20
8 24
8 30
8 33
8 35
8 114
9 18
9 38
9 50
9 61
9 456
9 617
9 619
9 620
10 14
10 15
10 17
10 26
10 33
10 51
10 63
10 121
11 24
11 38
11 43
11 48
11 134
12 15
12 33
12 35
12 38
12 42
13 21
13 29
13 35
13 36
13 37
13 38
13 39
13 63
13 465
13 620
14 18
14 19
14 26
14 37
14 129
14 442
14 603
14 625
15 26
15 131
15 441
15 614
16 29
16 41
16 47
16 58
16 110
16 621
17 21
17 31
17 61
17 128
17 604
17 611
18 24
18 25
18 28
18 34
18 64
18 111
18 444
18 448
18 623
19 22
19 30
19 31
20 22
20 33
20 69
20 116
20 447
21 29
21 32
21 57
21 69
21 446
22 34
22 459
22 622
23 30
23 32
23 115
23 129
24 34
24 52
24 56
24 445
24 606
25 35
25 62
25 439
25 611
25 620
26 28
26 32
26 39
26 45
26 462
26 627
27 31
27 56
27 130
27 132
27 458
28 30
28 33
28 34
28 60
28 612
29 38
29 39
29 45
29 51
29 445
29 459
29 624
30 33
30 39
30 110
30 440
30 599
31 36
31 39
31 46
31 619
32 439
32 444
32 457
33 116
34 116
34 445
34 448
34 457
34 617
35 36
35 50
35 124
35 127
35 443
35 446
36 56
36 60
36 134
36 135
36 442
36 449
36 603
36 614
37 48
37 61
38 616
39 67
39 69
39 446
39 625
40 41
40 45
40 52
40 53
40 67
40 276
40 297
41 42
41 52
41 53
41 61
41 177
41 273
41 291
41 295
41 296
42 47
42 51
42 56
42 63
42 159
42 185
42 295
42 297
43 53
43 57
43 67
43 275
43 276
43 291
44 46
44 168
44 175
44 271
45 46
45 50
45 56
45 69
45 140
45 154
45 578
46 56
46 59
46 64
46 67
46 293
47 145
47 160
47 165
47 286
48 57
48 146
48 582
49 159
49 283
50 58
50 167
50 281
51 58
51 146
51 187
52 59
52 62
52 158
53 57
53 145
53 584
54 60
54 61
54 65
54 143
54 154
54 293
54 294
54 296
55 58
55 60
55 140
55 161
55 269
55 281
56 58
56 166
56 280
56 286
56 288
57 58
57 64
57 66
57 141
58 66
58 169
58 584
59 66
59 287
60 61
60 64
60 66
60 68
60 140
60 173
61 67
61 69
61 174
63 146
63 578
64 69
64 143
64 294
65 291
66 586
67 68
67 295
68 152
69 269
70 83
70 92
70 93
70 97
70 103
70 109
70 117
70 133
70 137
70 510
71 78
71 104
72 80
72 82
72 94
72 108
72 120
72 121
72 131
72 576
73 82
73 309
74 85
74 103
74 107
74 116
74 125
74 139
75 81
75 88
75 303
76 81
76 95
76 100
76 106
76 132
76 479
76 493
77 82
77 92
77 108
77 109
77 125
77 130
77 135
77 572
78 102
78 106
78 112
78 114
78 118
78 121
78 139
78 316
78 317
78 326
78 497
79 88
79 93
79 94
79 96
79 101
79 139
79 302
79 494
80 94
80 106
80 133
80 324
80 546
81 87
81 98
81 100
81 103
81 109
81 113
81 138
81 313
81 470
81 574
82 106
82 107
82 138
82 303
82 304
82 314
83 94
83 96
83 100
83 554
84 557
85 86
85 103
85 112
85 121
85 136
85 137
86 88
86 100
86 107
86 133
86 565
87 93
87 94
87 97
87 112
87 128
87 312
87 485
88 94
88 99
88 109
89 109
89 128
89 130
89 135
89 299
89 306
89 320
89 561
89 563
90 101
90 107
90 299
90 490
90 541
90 547
90 560
91 94
91 106
91 117
91 301
91 312
91 518
91 560
91 574
91 576
92 95
92 101
92 103
92 569
93 105
93 123
93 138
93 304
93 480
93 556
94 95
94 97
94 318
95 126
95 566
96 97
96 102
96 126
96 319
96 323
96 508
97 102
97 114
97 120
97 545
98 99
98 102
98 305
98 327
98 500
98 548
98 576
99 116
99 122
99 135
99 305
99 518
100 104
100 107
100 124
100 493
100 513
101 109
101 136
102 299
102 325
102 564
102 572
103 120
103 138
103 312
103 571
104 126
104 135
104 138
104 542
104 577
105 116
105 123
105 124
106 110
106 508
106 555
107 121
107 133
107 136
107 481
108 540
108 541
108 569
110 114
110 115
110 128
110 133
110 215
111 114
111 122
111 123
111 125
111 130
111 136
111 248
112 130
112 131
112 137
112 198
112 212
112 218
112 230
112 241
112 383
112 384
113 120
113 129
113 137
113 224
113 228
113 238
113 380
113 383
114 130
114 237
115 123
115 132
115 133
115 138
115 391
116 119
116 122
116 125
116 131
116 214
116 240
116 369
116 378
117 121
118 135
118 137
118 197
118 210
118 224
118 237
119 120
119 124
119 211
119 212
119 220
119 227
120 127
120 205
120 236
120 377
120 387
121 122
121 133
121 212
121 218
121 396
122 237
122 376
123 125
123 127
123 136
123 137
123 192
123 245
124 135
124 210
124 213
124 232
124 389
125 129
125 133
125 217
125 220
125 231
125 239
125 249
126 138
126 191
126 230
126 241
127 139
127 211
127 227
128 134
128 137
128 215
128 375
129 137
129 214
129 235
129 236
129 383
130 139
130 231
130 236
130 242
131 132
131 138
131 213
131 240
131 249
131 392
132 136
132 139
132 238
132 383
133 135
133 198
133 214
133 233
133 246
133 369
133 374
134 135
134 137
134 213
134 220
134 395
135 136
135 137
135 195
135 217
135 240
136 223
136 237
136 376
136 384
136 387
137 218
137 223
137 233
137 373
138 228
138 243
140 148
140 155
140 170
140 171
140 173
140 187
140 331
140 334
140 466
141 255
141 329
141 344
141 464
142 150
142 160
142 167
142 177
142 468
143 150
143 151
143 157
143 159
143 167
143 170
143 171
143 175
143 183
143 257
143 345
143 374
143 388
143 466
144 151
144 162
144 164
144 174
144 374
144 538
145 147
145 371
145 393
145 526
146 149
146 151
146 174
146 175
146 184
146 187
146 394
146 446
146 458
146 535
147 155
147 159
147 168
147 187
147 339
147 362
147 379
147 536
148 151
148 187
148 352
148 378
148 395
148 453
149 169
149 171
149 175
149 178
149 188
149 458
150 155
150 157
150 169
150 183
150 347
150 349
150 448
151 154
151 163
151 356
151 363
151 391
151 441
151 533
152 356
152 395
152 521
153 265
153 366
153 367
153 531
154 159
154 164
154 172
154 187
154 342
154 348
154 371
154 536
155 159
155 181
155 266
155 350
156 162
156 172
156 178
156 179
156 264
156 358
156 446
157 158
157 166
157 169
157 173
157 174
157 175
157 176
157 187
157 365
157 522
157 529
158 176
158 181
158 339
158 345
158 346
158 367
158 448
159 165
159 186
159 261
159 344
159 365
159 368
160 347
160 453
161 181
161 376
162 165
162 169
162 173
162 176
162 181
162 262
162 330
162 391
162 527
163 170
163 186
163 187
163 188
163 394
164 169
164 175
164 176
164 178
164 181
164 184
164 335
164 351
164 366
164 376
164 377
164 388
164 397
164 463
165 250
165 259
165 395
165 448
165 456
165 525
166 168
166 178
166 253
166 263
166 522
167 175
167 179
167 267
167 350
167 440
168 169
168 345
168 366
168 378
168 393
168 443
168 454
169 262
169 345
169 534
170 344
170 361
170 364
170 366
170 396
170 451
170 536
171 187
171 268
171 346
171 444
171 519
171 538
172 391
172 394
172 523
173 354
173 394
173 447
173 449
174 177
174 179
174 182
174 257
174 331
174 372
175 183
175 335
175 337
175 448
175 521
176 186
176 262
176 357
176 365
176 536
177 179
177 186
177 188
177 250
177 268
177 451
178 447
179 182
179 185
179 388
179 521
180 189
180 359
180 522
181 455
181 463
182 183
182 188
182 189
182 335
182 397
182 462
183 188
183 352
183 439
183 446
183 531
184 187
185 351
185 374
185 455
185 524
185 531
186 263
186 266
186 340
186 383
186 387
187 536
188 251
188 392
188 462
188 537
189 378
189 395
189 442
189 529
190 194
190 200
190 294
190 634
191 193
191 194
191 271
191 417
191 641
192 193
192 207
192 208
192 639
192 647
193 196
193 197
193 198
193 275
193 294
194 197
194 204
194 403
194 635
194 649
195 206
195 274
195 284
196 413
196 414
196 646
196 650
197 201
197 203
197 405
197 417
197 649
198 201
198 203
198 207
198 410
198 420
198 428
198 629
198 632
199 429
200 202
200 208
200 633
201 295
201 628
201 647
202 203
202 204
202 426
203 206
203 629
203 648
204 400
204 414
204 644
205 207
205 630
205 655
206 207
206 404
206 408
206 412
206 417
207 294
207 638
208 278
208 629
208 631
209 647
210 240
210 248
210 251
210 256
211 218
211 225
211 236
211 242
211 245
211 249
211 267
211 459
212 215
212 216
212 217
212 224
212 225
212 227
212 229
212 237
212 249
212 265
212 450
213 221
213 226
213 251
213 261
213 457
214 230
214 231
214 238
214 439
214 455
214 461
215 223
215 224
215 231
215 236
215 247
215 462
216 219
216 230
216 239
216 246
216 444
216 468
217 224
217 244
218 238
218 246
219 220
219 232
219 236
219 237
219 242
219 247
219 254
219 439
220 224
220 228
220 230
220 233
220 249
220 458
220 461
221 222
221 227
221 233
221 251
221 457
222 224
222 227
222 230
222 236
222 239
222 241
222 246
222 249
222 251
223 231
223 235
223 237
223 246
223 254
224 236
224 244
224 456
225 226
225 237
225 239
225 241
225 247
226 227
226 239
226 242
226 245
226 249
227 232
227 240
227 243
227 248
227 257
227 442
229 230
229 233
229 234
229 237
229 241
229 242
229 243
229 248
229 450
230 234
230 244
231 236
231 247
232 243
233 235
233 239
233 241
233 244
233 253
233 264
234 238
234 444
236 237
236 238
236 240
236 449
237 238
237 241
237 243
238 241
238 243
238 246
239 243
240 247
240 440
241 462
242 245
243 244
243 246
243 247
243 249
243 456
244 246
244 255
244 442
245 247
245 249
246 260
247 264
248 265
248 451
250 254
250 338
250 360
250 367
250 452
250 591
251 259
251 261
251 262
251 263
251 267
251 337
251 360
252 341
252 445
252 597
253 260
253 264
253 267
253 353
253 366
253 467
253 581
254 258
254 268
254 581
254 588
255 263
255 266
255 357
255 448
255 588
256 259
256 264
256 332
256 348
256 353
256 455
256 464
256 579
257 258
257 268
257 440
257 448
257 589
258 267
258 268
258 444
258 453
259 266
259 340
259 457
260 263
260 337
261 265
261 268
261 341
262 581
262 586
263 265
263 266
264 333
264 345
264 457
264 585
265 267
266 578
266 582
266 586
267 355
267 449
267 454
268 462
268 579
269 275
269 278
269 282
270 283
270 288
271 277
271 279
271 285
272 285
272 294
273 279
273 291
273 296
274 282
274 286
274 289
275 278
276 277
276 284
276 290
276 298
277 283
278 279
278 282
278 288
279 282
279 295
280 284
280 285
280 289
281 295
282 288
282 294
283 284
283 290
283 293
284 288
285 290
287 288
288 291
290 295
291 292
291 295
292 298
293 294
295 298
299 304
299 306
299 323
300 307
300 308
300 310
300 312
300 322
300 327
301 305
301 313
301 318
301 400
301 414
302 305
302 309
302 315
302 322
302 325
302 326
303 307
303 309
303 316
303 321
303 328
304 307
304 309
304 311
304 314
304 316
304 320
305 313
305 326
306 307
306 309
306 429
306 438
307 316
307 317
307 318
307 319
307 403
308 311
308 316
308 317
308 321
308 323
309 325
309 326
309 327
309 425
310 311
310 315
310 316
310 318
310 322
310 326
311 314
311 317
311 318
311 324
312 318
313 322
313 325
313 326
313 423
314 315
314 323
314 325
314 435
315 318
315 327
315 402
316 414
317 318
317 322
317 327
318 405
319 324
319 328
320 326
320 417
320 427
322 403
322 426
323 326
323 327
323 328
323 400
324 400
328 406
329 332
329 336
329 352
329 357
330 331
330 350
330 353
330 364
330 365
330 366
331 339
331 351
331 361
332 346
332 359
332 361
332 366
333 338
333 340
333 343
333 344
333 346
334 337
334 338
334 344
334 347
334 359
335 346
335 364
335 367
336 347
336 350
336 361
337 343
337 361
337 362
338 345
338 346
338 355
338 357
338 366
339 340
339 349
340 343
340 354
340 359
341 355
341 366
342 354
342 365
342 367
343 356
343 358
344 351
344 352
344 353
345 355
345 366
347 352
347 354
347 363
347 366
348 362
349 359
349 363
350 362
351 357
351 362
351 368
353 366
354 358
354 359
354 367
355 362
355 366
356 368
357 363
357 368
360 365
362 363
362 368
365 366
367 368
369 372
369 390
369 391
369 396
369 520
370 377
370 383
370 384
370 389
370 398
370 538
370 642
371 378
371 390
371 398
371 525
371 530
371 640
372 375
372 377
372 378
372 381
372 382
372 394
373 375
373 398
374 388
375 525
375 531
376 380
376 381
376 385
376 391
377 378
377 388
377 527
378 382
378 384
378 396
379 383
379 390
379 395
379 525
380 384
380 390
380 391
380 532
381 387
381 389
381 397
381 530
381 657
382 385
382 386
382 393
383 390
383 391
383 397
383 648
385 394
386 394
386 398
386 532
386 535
387 392
387 396
387 526
387 657
388 389
388 534
388 629
390 648
391 394
392 393
392 396
392 397
392 532
394 395
394 396
397 638
398 628
399 403
399 416
399 421
399 501
399 506
400 419
400 426
400 427
400 432
401 402
401 404
401 410
401 413
401 418
401 419
401 428
401 434
402 404
402 412
402 414
402 422
402 425
402 427
402 430
402 431
402 437
402 438
403 404
403 407
403 419
404 415
404 421
404 431
404 433
404 435
404 485
405 407
405 411
405 415
405 436
406 414
406 418
406 420
406 437
406 495
407 413
407 428
407 436
408 409
408 434
409 420
409 428
409 430
409 431
409 437
409 491
410 425
410 432
410 438
411 413
411 426
411 428
411 430
411 434
412 414
412 422
412 437
413 416
413 418
413 419
413 425
413 435
414 419
414 435
414 479
414 513
416 423
416 438
417 501
418 426
418 428
419 421
419 423
419 424
419 433
420 421
420 438
421 424
421 432
421 437
421 513
421 518
422 434
422 436
423 433
423 512
424 433
425 479
426 437
426 438
426 483
426 492
427 428
427 516
428 430
428 515
429 494
430 435
432 503
434 438
434 473
439 452
439 458
439 465
440 449
440 458
440 464
441 442
441 465
441 466
442 447
442 449
442 457
442 458
442 587
443 444
443 468
443 594
444 453
444 459
444 584
444 588
444 590
444 597
445 449
445 454
445 458
446 454
446 460
446 463
447 587
448 462
448 586
449 454
449 464
450 451
450 454
450 455
450 592
451 463
451 587
452 453
452 465
453 460
454 460
454 461
454 595
455 467
456 582
457 466
457 596
457 597
459 581
461 580
461 588
461 590
462 582
463 578
463 584
464 468
465 594
467 583
468 578
468 581
468 596
469 470
469 474
469 476
469 497
469 503
469 514
469 631
470 500
470 515
470 516
470 538
471 473
471 476
471 481
471 490
471 509
471 518
472 474
472 485
472 490
472 497
472 503
472 512
472 530
472 652
473 498
473 515
474 482
474 484
474 493
474 505
474 513
474 514
474 519
474 527
474 534
474 536
475 490
475 491
475 496
475 636
476 478
476 485
476 486
476 504
476 505
476 512
476 523
476 536
477 478
477 486
477 532
477 645
478 492
478 494
478 501
478 502
478 510
478 653
479 508
479 530
480 488
480 492
480 504
480 507
480 510
480 512
480 515
480 521
480 529
480 533
481 495
481 500
481 538
482 486
482 494
482 497
482 498
482 513
482 524
483 496
483 500
483 508
484 502
484 510
484 514
484 516
484 521
484 529
484 628
484 635
485 508
485 511
485 513
486 495
486 499
486 510
486 527
487 496
487 498
487 502
487 510
487 517
487 523
487 654
488 499
488 504
488 515
489 498
489 507
489 510
489 649
490 504
490 506
490 507
490 526
490 534
491 495
491 536
491 645
492 512
492 513
492 514
492 522
492 639
493 495
493 499
493 511
493 513
493 538
494 509
494 512
494 515
494 517
494 518
494 527
494 534
494 643
495 505
495 509
495 510
495 511
495 515
495 519
495 646
496 536
497 499
497 504
497 651
498 504
498 505
498 509
498 515
498 528
499 502
499 504
499 509
499 525
500 502
500 538
500 638
500 643
501 507
501 517
501 537
502 507
502 511
502 512
502 513
503 513
503 516
503 521
503 525
503 635
503 655
504 523
504 633
505 508
505 511
505 518
505 647
506 508
506 513
507 628
508 509
508 512
508 535
508 537
509 513
509 635
509 652
510 516
511 517
511 629
512 532
512 657
513 518
514 655
515 537
516 638
517 524
517 531
518 533
518 647
520 535
521 523
521 536
522 536
522 589
523 532
524 536
524 588
525 536
526 528
526 537
527 528
528 529
528 530
529 530
531 537
531 587
532 589
534 536
535 538
535 593
539 544
539 548
539 552
539 563
539 564
540 543
540 546
540 548
540 570
541 548
541 550
541 564
542 543
542 556
542 563
543 545
543 556
543 562
543 571
544 547
544 554
544 556
544 567
544 574
544 577
545 551
545 558
545 561
546 552
546 565
546 567
547 553
547 560
547 561
547 562
548 549
548 555
548 563
548 570
548 575
550 554
550 562
551 554
551 558
551 566
552 554
552 557
552 562
552 566
552 569
552 575
553 565
553 570
553 573
553 577
555 557
555 566
555 575
556 563
556 569
556 571
556 572
556 575
556 576
556 577
557 572
557 573
558 559
558 563
558 575
559 561
559 562
559 567
559 570
560 567
560 568
560 569
560 570
560 575
561 569
562 570
562 574
564 565
565 568
565 575
566 576
568 574
568 576
578 596
579 581
579 593
580 585
580 594
580 595
580 597
582 599
583 589
586 588
587 588
587 589
588 589
588 591
588 595
588 616
588 617
589 620
591 593
592 626
593 600
593 611
593 627
597 602
598 600
598 602
598 604
598 605
598 641
598 642
599 600
599 615
600 616
600 618
600 654
601 605
601 608
601 612
602 610
602 618
602 644
603 606
603 608
603 609
603 617
603 619
603 626
604 605
604 608
604 623
604 627
605 624
605 657
606 609
606 620
606 621
606 623
606 635
606 644
607 616
607 628
607 642
607 647
609 620
609 654
610 612
610 615
610 618
610 620
610 623
610 624
610 651
611 616
611 626
612 622
612 630
613 626
613 627
613 628
614 640
614 656
615 618
615 619
615 646
615 649
616 618
616 624
616 635
616 638
617 620
617 634
618 625
618 632
618 642
618 649
619 625
619 627
619 656
621 626
621 627
622 656
623 628
624 625
626 631
627 631
627 653
627 656
628 637
628 639
628 641
629 638
629 644
629 656
630 638
630 639
630 644
630 645
630 650
630 651
630 652
631 633
631 642
631 651
631 654
632 635
632 639
632 644
632 648
632 651
632 656
633 635
633 636
633 638
633 639
633 643
633 655
634 635
634 646
634 648
634 654
635 636
635 642
635 647
635 649
635 651
636 646
637 652
638 645
639 641
639 657
640 642
640 655
641 642
641 643
641 644
641 647
641 649
641 652
641 653
641 655
641 657
642 646
642 655
643 644
643 645
643 654
644 651
644 652
644 653
644 656
646 651
646 655
647 652
647 654
647 656
649 656
650 655
651 652
651 653
651 654
651 655
652 656
652 657
653 655
655 656
655 657
656 657
